IMF(Kroupa=0, IGIMF=1), Log_SFR, SFEN, STR, alive stellar mass, Dynamical mass, Mass-weighted stellar [Mg/Fe], Mass-weighted stellar [Z/X], gas [Mg/Fe], gas [Z/X], luminosity-weighted stellar [Mg/Fe], luminosity-weighted stellar [Z/X]
1 1.0 5 0.1 7.8914 8.2704 1.0665940284776596 -0.8976147759718935 0.25566538683654527 -0.48948160926055473 1.0659283074400907 -0.9070223902251346
1 1.0 5 0.2 7.9547 8.2813 1.0581861077778483 -0.591484504303027 0.20712636574991308 -0.14703007256268918 1.0550025027817465 -0.5965313387946989
1 1.0 5 0.3 7.9979 8.2848 1.011717928095461 -0.3720257937451923 0.14882001421504318 0.060411291330478845 1.003228925527099 -0.36868846831286683
1 1.0 5 0.4 8.0347 8.287 0.9100093048404683 -0.19178491586498114 0.07840442233442614 0.2129244570199229 0.9090796525918328 -0.1947202685177052
1 1.0 5 0.5 8.0561 8.2906 0.8970974911315663 -0.08242070496987486 0.05561899913311487 0.3174052354547505 0.9030596955408663 -0.09096896329363058
1 1.0 5 0.6 8.0825 8.2973 0.7500642361534814 0.055580440000124964 -0.012903455508888897 0.4189636851311287 0.7593740936469633 0.04063122108335926
1 1.0 5 0.7 8.0955 8.3039 0.7385801471402944 0.13640589114684087 -0.03755568391034564 0.49219844617192776 0.7485489339261151 0.12038858513409334
1 1.0 5 0.8 8.1072 8.3099 0.7259478755643611 0.20944383622572338 -0.06530036486551136 0.5554600044297131 0.7366209516992129 0.19231271831558416
1 1.0 5 0.9 8.1181 8.3156 0.7119208538605288 0.2770278667716104 -0.09693991053821738 0.6102392047472511 0.7233180659024483 0.25871319834086837
1 1.0 5 1.0 8.1285 8.3151 0.6411825664731622 0.3217792954315277 -0.12703959590907105 0.6536524259698716 0.6574810839890989 0.2933421206316069
1 1.0 5 1.1 8.1382 8.3204 0.6275862756932371 0.3831943156597597 -0.1670884043261448 0.6919541407873254 0.6446058814786778 0.35315233487769726
1 1.0 5 1.2 8.1475 8.3255 0.6123478332267531 0.44312216117522696 -0.2155081627915093 0.7189972822030665 0.6302305007223786 0.4111501788457068
1 1.0 5 1.3 8.1566 8.3306 0.5949174843848767 0.5027992432723658 -0.27621800730888213 0.7301122056390605 0.6138566510894305 0.4684539305440518
1 1.0 5 1.4 8.1663 8.3361 0.574347175112065 0.5640743053031425 -0.3565094077608511 0.7156774942427566 0.5948745360885621 0.5263256863445875
1 1.0 5 1.5 8.1754 8.3411 0.55020856082366 0.6280064794059657 -0.3660058829729433 0.7084821263017158 0.5721870703770952 0.5865690158480807
1 2.0 5 0.1 8.6008 9.1401 1.2466611381646238 -0.7436007557187263 0.5679527244042983 -0.387435486339192 1.2470779766096598 -0.7494287735965239
1 2.0 5 0.2 8.6813 9.1205 1.1813361389064645 -0.39508457846858436 0.43309324796303694 0.009148329973331926 1.172532889720502 -0.38774627691505037
1 2.0 5 0.3 8.7354 9.1116 1.0424712215950978 -0.15360880532929877 0.33851096112657897 0.22134277312534234 1.0421802794281168 -0.15404993048839644
1 2.0 5 0.4 8.7624 9.1088 0.9356335635795757 -0.04306516513613312 0.3006233467838947 0.3390110027030411 0.9421874710271626 -0.048623114778755694
1 2.0 5 0.5 8.8029 9.1134 0.8347293319127276 0.14453603107957091 0.2256446651012809 0.4797473762919582 0.844709721031389 0.13200163546642418
1 2.0 5 0.6 8.821 9.1214 0.8257017579829695 0.23353016213811428 0.20673024890812405 0.5640199549777543 0.8363594934348255 0.2200464885152762
1 2.0 5 0.7 8.8395 9.1171 0.8142756499993746 0.3087489185917911 0.18740705488460288 0.6349294437035067 0.8318263305598742 0.28591686843376096
1 2.0 5 0.8 8.8488 9.1216 0.7113425039116725 0.35240026941064295 0.15606249181780663 0.6872522409012723 0.7271475200213067 0.32864747512905423
1 2.0 5 0.9 8.8615 9.1276 0.7031909422384458 0.415035354871774 0.135235964226053 0.7411126277469429 0.719527909344173 0.39038801762783804
1 2.0 5 1 8.8734 9.1335 0.694518858442824 0.47272183881604635 0.11268366104689725 0.7877999952162674 0.7114648378839646 0.4470871487505983
1 2.0 5 1.1 8.8847 9.1391 0.6851618873954025 0.5267110217955395 0.08829642105999475 0.8277527061803535 0.7029300781696659 0.499817472600091
1 2.0 5 1.2 8.8947 9.144 0.6756855931825884 0.5770248256379232 0.06178342369240128 0.8608389751142117 0.6938401485182173 0.5494023797417573
1 2.0 5 1.3 8.9049 9.1493 0.665135125196675 0.6253939611214284 0.032946140671057576 0.8874815349960262 0.6842204635544694 0.5963700655797549
1 2.0 5 1.4 8.9146 9.1542 0.6543498811690497 0.6711149326688968 0.0008223341045715815 0.90621832129895 0.6740713138842966 0.6410309659366399
1 2.0 5 1.5 8.9232 9.1585 0.6429881054535004 0.7149383178178836 -0.03462558121603555 0.9167151892271238 0.663336365879837 0.6838296661940796
1 3.0 5 0.1 9.3912 10.056 1.3422714175905492 -0.6845657695402025 0.6627919920640426 -0.28599701527295873 1.3344879327961088 -0.6804810436887803
1 3.0 5 0.2 9.4865 10.0036 1.116474813781152 -0.27474525965841545 0.4699513294910248 0.08904976537057352 1.1108203367249834 -0.2681149046683755
1 3.0 5 0.3 9.5261 10.0126 1.1092461007109187 -0.09056363661428346 0.45181879917715434 0.2725077889237246 1.1060033557163067 -0.0872801243793897
1 3.0 5 0.4 9.576 9.993 0.8880779004856377 0.10403046651431325 0.3458721355798887 0.4316192522029838 0.8949542467819562 0.0960415169869826
1 3.0 5 0.5 9.5992 10.0013 0.8795409924768568 0.20967195833128072 0.3292312319883197 0.5343903219290771 0.8872880147239522 0.20069122779057125
1 3.0 5 0.6 9.6217 9.991 0.8692356652295492 0.29579725978673 0.3123186301474127 0.6183100523541412 0.8839513079267245 0.2777987454375952
1 3.0 5 0.7 9.6329 9.9955 0.750714734941329 0.3437391298255206 0.2763258040976116 0.6780587810334847 0.7638333269535208 0.32497017787642113
1 3.0 5 0.8 9.6484 10.0018 0.7433096307969178 0.41136049525370577 0.25934125537395025 0.7402535754530126 0.7571264775159963 0.3916714619108217
1 3.0 5 0.9 9.6624 10.0076 0.7356287965285541 0.47228158847798274 0.24151406044606574 0.7942495221310819 0.7501379053347876 0.4516940275360941
1 3.0 5 1 9.6754 10.013 0.7276296032871343 0.5279854025778732 0.22278688243833872 0.8412714539173318 0.7428693667547439 0.5064633998801449
1 3.0 5 1.1 9.6875 10.0182 0.7194245125274286 0.5793072005635898 0.2030620985730984 0.8821530190053686 0.7352572600851023 0.5570265665642067
1 3.0 5 1.2 9.6989 10.0232 0.7107737629377352 0.627346966004132 0.18231308309769026 0.9172863573905364 0.727371405508859 0.6041139165865669
1 3.0 5 1.3 9.7097 10.028 0.7019598032641636 0.6722226094754785 0.160342781365787 0.9467337735286255 0.7192379091188853 0.6481425879274161
1 3.0 5 1.4 9.72 10.0325 0.6927627482378952 0.7146908597506518 0.13718522270417893 0.970756810755731 0.7107457583074507 0.6897615124744175
1 3.0 5 1.5 9.7298 10.037 0.6833865588303704 0.7547677444072107 0.11261939452401586 0.989131140765218 0.701993270835987 0.7291029481112796
1 4.0 5 0.1 10.2432 11.0189 1.3884747846905436 -0.6585197411823558 0.7342884612499266 -0.2680688160154361 1.3803294676206335 -0.6538377368981154
1 4.0 5 0.2 10.3481 10.9524 1.1454786932939662 -0.24699627313621209 0.522315872422989 0.1093218226125221 1.1396502397152002 -0.2403295060200028
1 4.0 5 0.3 10.3911 10.9615 1.1373481316243748 -0.06305540185659542 0.5035432054385682 0.29303882486028043 1.1331037666309538 -0.05850222636090541
1 4.0 5 0.4 10.445 10.9344 0.9054329412853204 0.13215091768081888 0.39116086594026284 0.45348208230015685 0.9110317929773302 0.12580345644642543
1 4.0 5 0.5 10.4704 10.9423 0.8968807081492328 0.237121235468567 0.37467566818068787 0.5563312120892885 0.9032609595565717 0.23003558471908603
1 4.0 5 0.6 10.4876 10.9255 0.7688635538080367 0.29315918560303 0.3352297242011275 0.6270924854613598 0.7798714030023604 0.27756432304585954
1 4.0 5 0.7 10.5063 10.9321 0.7618381578682294 0.3689935561950586 0.31978807560573186 0.6992631992912044 0.7736032261568122 0.35248629366292805
1 4.0 5 0.8 10.5229 10.9381 0.7546823534533128 0.43584289533916487 0.30375433706438976 0.7615027026011888 0.7669204644251864 0.41876916608140013
1 4.0 5 0.9 10.538 10.9437 0.7472505458123128 0.4959914969405279 0.2870883404404324 0.8156460119636018 0.7600503121122059 0.4782396243330027
1 4.0 5 1 10.552 10.9489 0.7395445634505096 0.5508510697951032 0.26974988536122047 0.8629401699452772 0.7530512727601608 0.5322682752851144
1 4.0 5 1.1 10.565 10.9538 0.7316463149535276 0.6013384190356001 0.2517231432786371 0.9042014119754511 0.7457444881795567 0.5820688105238389
1 4.0 5 1.2 10.5772 10.9587 0.7234183273835969 0.6483437476835165 0.23294979895833443 0.9399831885157363 0.7382239322962844 0.6282750924815483
1 4.0 5 1.3 10.5886 10.9631 0.715164787293281 0.6920712689368789 0.21337922340223836 0.97042020469636 0.7304998947496206 0.6714106156421079
1 4.0 5 1.4 10.5994 10.9674 0.7066793250985374 0.7331724091277305 0.19301417973296564 0.9959052476330648 0.7224616810118278 0.7120451384382093
1 4.0 5 1.5 10.6097 10.9716 0.6978749189752019 0.7720927215595015 0.17182573871383078 1.0164165047819527 0.714379478699936 0.7502091071148613
1 5.0 5 0.1 11.163 12.0007 1.4108358835208932 -0.64798891164743 0.7686011782078819 -0.2604501531230694 1.402840133851084 -0.6430540760777641
1 5.0 5 0.2 11.2717 11.9285 1.1578844558176777 -0.2347379974706929 0.5467371613365102 0.11823345476727476 1.1515256169965409 -0.22732147822601512
1 5.0 5 0.3 11.3167 11.937 1.1496366415658774 -0.05097515215643611 0.5277722342037154 0.30214252146917175 1.1446771575882748 -0.04547646607845701
1 5.0 5 0.4 11.3728 11.9057 0.9122152974969716 0.1445415896663722 0.41184104847313635 0.4632119798445893 0.9169353914640618 0.13930858444076089
1 5.0 5 0.5 11.3992 11.9133 0.9035815985312313 0.24950320441885965 0.3955477578393816 0.5661900938510662 0.9091376044106023 0.2434819984964698
1 5.0 5 0.6 11.4171 11.8944 0.772448173894897 0.3047052701066775 0.35452795132177384 0.6365460104710878 0.782673528903854 0.29027953569129505
1 5.0 5 0.7 11.4365 11.9007 0.7655280669361347 0.3802293933702716 0.3394417151710392 0.7087838426670113 0.7763790020258843 0.3650781388311026
1 5.0 5 0.8 11.4539 11.9065 0.758410039425321 0.44685910827576514 0.3238225992152551 0.7710468081660606 0.7697441595119205 0.4311395757674523
1 5.0 5 0.9 11.4697 11.9119 0.750972663668144 0.506832887541856 0.3076884377396831 0.8252842324283453 0.7630386534969912 0.49027924584069504
1 5.0 5 1 11.4842 11.917 0.7434406846416312 0.5612970779810647 0.29095042111730757 0.8726902285658726 0.7560308316382799 0.544148526838639
1 5.0 5 1.1 11.4978 11.9218 0.7357073926732564 0.6113903600190209 0.27362631480063226 0.9141140427170715 0.7489158750185575 0.5935493232928499
1 5.0 5 1.2 11.5106 11.9265 0.7277048680564148 0.6579361025292757 0.2556623084494747 0.9501598075216895 0.7414939979869413 0.6394606994812789
1 5.0 5 1.3 11.5223 11.9308 0.7195596147354417 0.7013518150333131 0.2371013007214279 0.9810083032620606 0.7340040392303367 0.682175771750626
1 5.0 5 1.4 11.5337 11.935 0.7113014681954302 0.7419917932300995 0.21782415918798134 1.00704424828219 0.7262135312356732 0.7223445834796943
1 5.0 5 1.5 11.5443 11.9391 0.702784276978693 0.7803766382049854 0.19791048528520955 1.0283498174304389 0.7183599222704371 0.7600790696040247
1 1.0 10 0.1 8.2336 8.5852 0.8269166393672593 -0.8718930628247918 0.2451983996929286 -0.5031572941148046 0.8269172285652117 -0.8770715662121813
1 1.0 10 0.2 8.3048 8.5924 0.784457348269871 -0.5281310640706016 0.14908505074974135 -0.13432676715976766 0.7795105572210438 -0.5220546741715808
1 1.0 10 0.3 8.3448 8.5989 0.738351772483075 -0.32899214524567477 0.10510748521708474 0.05121332921053878 0.7331791141717808 -0.32241242750707566
1 1.0 10 0.4 8.3748 8.6029 0.6747462771046387 -0.18353273432977657 0.05510502677017462 0.18621472244660975 0.6739139301014757 -0.18197393925564898
1 1.0 10 0.5 8.3989 8.6085 0.62341785061434 -0.058439556260120096 0.015547337148216628 0.29761452744459493 0.6263508907639304 -0.06263926339400538
1 1.0 10 0.6 8.4136 8.6158 0.6148736737565027 0.029754037413016965 -0.008076800288623759 0.3816461299379157 0.6184584475027457 0.02404391345626178
1 1.0 10 0.7 8.4336 8.62 0.5555991333522519 0.12535203047526333 -0.05469656366421724 0.4595963335795401 0.5626891174903275 0.11221270309710119
1 1.0 10 0.8 8.445 8.626 0.5470450126489477 0.19415135089935598 -0.08187925340832253 0.5204890360178795 0.5547677312348869 0.17944219393651117
1 1.0 10 0.9 8.4553 8.6316 0.5377050259737159 0.25749827432033223 -0.11274468632903134 0.5728670639633175 0.5459087521970509 0.24167879463261532
1 1.0 10 1.0 8.4661 8.6347 0.5282761525290111 0.31525807832698227 -0.1477148631329146 0.6167979920213474 0.5393407582475469 0.29408476306517506
1 1.0 10 1.1 8.4737 8.639 0.5055996360795534 0.3638266059394928 -0.18738865337934446 0.6518105444780978 0.5164023099306645 0.3408759950348459
1 1.0 10 1.2 8.4893 8.6451 0.45770370885404316 0.4400483294334028 -0.24454959314988023 0.6764200069794485 0.4679209755413033 0.41412080079045244
1 1.0 10 1.3 8.4974 8.6498 0.44738801937400036 0.49229620050907186 -0.30325022916908495 0.6832223437952659 0.45816839571140167 0.4644764434579498
1 1.0 10 1.4 8.5057 8.6547 0.43570980085651667 0.5448914685301196 -0.38210762382649655 0.664484558462198 0.44726218503251547 0.5145468859872608
1 1.0 10 1.5 8.514 8.6596 0.4215841753441882 0.5998311296567501 -0.4858071469432179 0.6049084839971609 0.43409498571484006 0.5662098338982782
1 2.0 10 0.1 8.9467 9.4457 1.0249759005785912 -0.7174712900866249 0.5309018779011606 -0.3656772559667174 1.0231262540240897 -0.7165407028229664
1 2.0 10 0.2 9.0319 9.4247 0.9085774667790926 -0.3389217030017664 0.38013324894363737 0.013209216208765584 0.9029145730037127 -0.32973099739655876
1 2.0 10 0.3 9.0872 9.4124 0.7783568366762499 -0.10583174701035447 0.2828720900660431 0.22034913026616887 0.7816830208500116 -0.10772297754709159
1 2.0 10 0.4 9.1115 9.422 0.7405248296884173 0.010981421015325177 0.25971771285022416 0.34135187044210946 0.7442426527606898 0.007243301847632111
1 2.0 10 0.5 9.1419 9.4225 0.6579262526361065 0.13768253051521162 0.20418927497603787 0.4535626581117156 0.6651870721575925 0.12672730124674603
1 2.0 10 0.6 9.1595 9.4304 0.6514181655339888 0.2227854795384392 0.18645754436970366 0.5355025980973684 0.6592955114453988 0.2104577865433963
1 2.0 10 0.7 9.1747 9.4377 0.6444870541307496 0.2962202191347916 0.1676305229435029 0.6045252111919651 0.6528128660092968 0.2830470986962803
1 2.0 10 0.8 9.1867 9.4375 0.6082638683410705 0.34788487925391043 0.14219596860681294 0.6590413210984907 0.6185317757193756 0.3294906677322311
1 2.0 10 0.9 9.2097 9.4434 0.550045003570566 0.4391635929747828 0.09852911864527164 0.7222010660886212 0.559377614240836 0.41912780657210935
1 2.0 10 1.0 9.2207 9.4492 0.5444494868958787 0.4915669456513685 0.07847550730170219 0.7653986773819365 0.5541348620201658 0.4706938420223339
1 2.0 10 1.1 9.2308 9.4545 0.5387807276031975 0.5396467544888854 0.056748962906468095 0.8020251423462863 0.5487348872837787 0.518081595407522
1 2.0 10 1.2 9.2401 9.4595 0.5329130026568902 0.5843347961954656 0.033254005564669675 0.8326275757156523 0.5431480536391196 0.5620637668991069
1 2.0 10 1.3 9.2491 9.4643 0.5268376098921834 0.6262845361288718 0.007488175719207429 0.8570345925436701 0.537467428408678 0.6030944019891236
1 2.0 10 1.4 9.2583 9.4636 0.5213866102696441 0.6637270986771995 -0.01895165342952758 0.8750508143007514 0.5341089352990638 0.6347882166143506
1 2.0 10 1.5 9.2638 9.4667 0.4919897653128368 0.6922953792948427 -0.05018892339825276 0.8849973917751305 0.5033810706687702 0.6612514198531048
1 3.0 10 0.1 9.7364 10.3657 1.098029199172725 -0.6579595535920266 0.6404893745977577 -0.29535980216514157 1.0933988051974484 -0.6500613140145595
1 3.0 10 0.2 9.8301 10.3163 0.9174512412859214 -0.2528711717834158 0.4479208469847547 0.07904444730462301 0.9115276883087824 -0.24198774799320177
1 3.0 10 0.3 9.8771 10.302 0.7955346388342532 -0.059394175680856254 0.37438809291520475 0.2649470470763091 0.796273583330253 -0.0572748633459943
1 3.0 10 0.4 9.9158 10.2967 0.7032163801148708 0.09678401288902805 0.31386664792894725 0.40784463824240014 0.70797992106471 0.09123796170622711
1 3.0 10 0.5 9.9388 10.3045 0.6970592705825296 0.19863318241758332 0.2986843951123196 0.5081565687452219 0.7027812547487167 0.19109952592014867
1 3.0 10 0.6 9.9578 10.3122 0.69053813352433 0.2831830391907062 0.2829595495939832 0.590252692678759 0.6967987044747039 0.2747644465810035
1 3.0 10 0.7 9.9724 10.3091 0.6477975781917639 0.34091480227810944 0.2574723569397348 0.6532876903490268 0.6560797824584741 0.3275017256856039
1 3.0 10 0.8 9.9997 10.3124 0.5861361939779703 0.440999552588234 0.213721846824057 0.7280631071789521 0.5939164345479548 0.42568335057272066
1 3.0 10 0.9 10.0129 10.3184 0.5810471070722989 0.4970784529382488 0.19845531241519734 0.7784417586422848 0.5892337690428113 0.4809655956209906
1 3.0 10 1.0 10.0249 10.3239 0.5759254653294491 0.5476913204216847 0.18252352258111593 0.8221003451885278 0.5844753778240787 0.5308644913202634
1 3.0 10 1.1 10.036 10.3291 0.5707157248773863 0.5939724559149461 0.16576969755186716 0.8599084653758529 0.5796265597223673 0.5764426875101651
1 3.0 10 1.2 10.0473 10.3258 0.5660624661159945 0.6348352045110679 0.14913634483325208 0.8917314446979456 0.5771208164386342 0.6120417379144872
1 3.0 10 1.3 10.0535 10.3288 0.5294921594309323 0.6635190507127753 0.12652170955821232 0.9162509002053645 0.5392020857127691 0.6391269694168716
1 3.0 10 1.4 10.0625 10.3332 0.5252710100323716 0.7004180781410541 0.10788222122230445 0.9392244113578166 0.5352883388204812 0.6753493723661232
1 3.0 10 1.5 10.0712 10.3375 0.5209698047032092 0.7351390610677984 0.08803841249931142 0.9575697850453182 0.5312842356173559 0.7094144157097555
1 4.0 10 0.1 10.5893 11.327 1.1413667349805294 -0.632824436353866 0.7087924205600588 -0.2771102102386678 1.1364658203230857 -0.6243681251609907
1 4.0 10 0.2 10.692 11.2646 0.9468936409095164 -0.22517897956067112 0.49892749136357556 0.09992771740587392 0.940395813775742 -0.2135699901267598
1 4.0 10 0.3 10.743 11.2442 0.8157968082003566 -0.03258812354781626 0.4189239879160167 0.2859105456157416 0.8158410399084697 -0.029368270831205745
1 4.0 10 0.4 10.7849 11.2338 0.7190469828488589 0.123394607882229 0.35550520215451026 0.42959850607969674 0.7230756164556635 0.11904098431579202
1 4.0 10 0.5 10.8096 11.2415 0.7126528637550683 0.2248973936982459 0.34076987045869395 0.5300490137669565 0.717328412216467 0.2193118998027772
1 4.0 10 0.6 10.8303 11.2489 0.706078557510212 0.30895116991901195 0.3256338577432046 0.612206396847634 0.711232647732364 0.3026228339888435
1 4.0 10 0.7 10.8598 11.2386 0.6024705228043746 0.40382872964575944 0.2690325222680836 0.6921536545499263 0.608994162153587 0.3914014058207278
1 4.0 10 0.8 10.8756 11.2449 0.5975355228672031 0.46606841028409884 0.2555481280430016 0.7506032485699751 0.6043931134963747 0.453018603734308
1 4.0 10 0.9 10.8897 11.2507 0.5925349421653294 0.5214251736431323 0.24160621528955809 0.8011242470656464 0.5997469979827416 0.5077472101458489
1 4.0 10 1.0 10.9027 11.2561 0.5875222484874458 0.5712691423961753 0.2271443040987622 0.8450152333224887 0.5950280187736835 0.5570629309985644
1 4.0 10 1.1 10.9145 11.261 0.5824886346240834 0.6167185562806866 0.2121948085674617 0.8831740224457472 0.5903116872691057 0.6019464872504603
1 4.0 10 1.2 10.9224 11.2538 0.5430745195416697 0.6452992274940158 0.19146778895589955 0.9119322222161667 0.5514344789101351 0.6247894132108509
1 4.0 10 1.3 10.9328 11.2584 0.5390305708422269 0.6840745293563011 0.1762444072725542 0.94061507945323 0.5476540874125642 0.6630241670737405
1 4.0 10 1.4 10.9424 11.2626 0.5350511355983414 0.7200267883807371 0.16036935807370434 0.9648656578311097 0.5439152170838714 0.698499825638323
1 4.0 10 1.5 10.9514 11.2667 0.5310984081057153 0.7536029866135752 0.1437405590508571 0.9849574733630061 0.5402217819095829 0.7315715742733641
1 5.0 10 0.1 11.5092 12.3079 1.1631680007861722 -0.6224248692895185 0.7421678522353697 -0.2693243496236355 1.1583385222181977 -0.6138289330484545
1 5.0 10 0.2 11.6162 12.2392 0.960940723971821 -0.21311150541053592 0.5231269891632788 0.10917266779542789 0.9540726547461073 -0.20104021764658153
1 5.0 10 0.3 11.669 12.2152 0.8251813839174937 -0.020831477838341605 0.4399222316227227 0.2952367266236997 0.824738605418489 -0.01703932634064831
1 5.0 10 0.4 11.7127 12.2029 0.7258253182150743 0.13541629929096732 0.37502177893261374 0.4393245804446002 0.729198435540068 0.1321996564130603
1 5.0 10 0.5 11.7384 12.2103 0.719401612787679 0.23678795071563874 0.3605320070033185 0.5398594652655608 0.7233885910058174 0.2323950059201918
1 5.0 10 0.6 11.76 12.2174 0.7127533833831059 0.3206551390886876 0.3456932893434902 0.6220682492919507 0.7172399566261978 0.315542948941135
1 5.0 10 0.7 11.7908 12.2048 0.6070172136859192 0.41542442094223775 0.2879853829385395 0.7023076441113397 0.6129794728587789 0.4042476860001869
1 5.0 10 0.8 11.8072 12.2109 0.602089994909295 0.47746096670344085 0.27499449560951594 0.7607869852042727 0.6083782571579588 0.4656990877254439
1 5.0 10 0.9 11.822 12.2166 0.5971366352449619 0.5325786770679048 0.2616251712511898 0.811382513038959 0.6037691512406593 0.5202110044613779
1 5.0 10 1.0 11.8355 12.2218 0.5921776376110719 0.5821831317091886 0.2478526877357593 0.8553962515380974 0.5991359864565954 0.5692502108345889
1 5.0 10 1.1 11.8479 12.2268 0.5871754911154083 0.6272595613714527 0.23360613458534885 0.8937337177023454 0.5944356716284219 0.6138351830406024
1 5.0 10 1.2 11.856 12.2183 0.5465740575294948 0.6553109164939115 0.21312613914427064 0.9225124900847091 0.5543545749568358 0.6363810483847265
1 5.0 10 1.3 11.8667 12.2227 0.5426911118281381 0.693701215974333 0.1988934739379713 0.9515434148690646 0.5507404463102632 0.6742394507550666
1 5.0 10 1.4 11.8767 12.227 0.5387865546149022 0.729336041850973 0.18410708921650815 0.9763275795607853 0.547079117578449 0.7094039421539229
1 5.0 10 1.5 11.8861 12.231 0.5349296497313744 0.7624226580716226 0.16874139154423815 0.9970618498541605 0.5434486214198663 0.7420875461326327
1 1.0 15 0.3 8.5392 8.7772 0.619949699782253 -0.3004689887457701 0.07371378163924641 0.05452926874085828 0.6168340150778081 -0.2940897638665734
1 1.0 15 0.4 8.5667 8.7835 0.5811494108305371 -0.16228716551150768 0.03858474091177286 0.1863607409865271 0.5811107849896767 -0.16115459170746904
1 1.0 15 0.2 8.4942 8.7727 0.6948250342242063 -0.5183451116071593 0.14469726684231887 -0.14167640470770637 0.6900268074150412 -0.5101939155479902
1 1.0 15 0.1 8.4229 8.7658 0.7384080609760821 -0.8618345062736255 0.24227499932813815 -0.5079332350116423 0.738595594103495 -0.8663130461038444
1 1.0 15 0.5 8.5886 8.7904 0.5436750094065342 -0.04622272606675182 0.0004807636450612912 0.29247492675911024 0.5458871590968679 -0.04951751863721565
1 1.0 15 0.6 8.6035 8.7957 0.528438124593891 0.034061219995987324 -0.023409941193740194 0.3732980421536731 0.5323546170269855 0.027283291434679002
1 1.0 15 0.7 8.6206 8.8008 0.4929572663316882 0.12165552711671657 -0.05749848748395611 0.44869950155026306 0.4987974869183601 0.1099480566867137
1 1.0 15 0.8 8.6317 8.8068 0.48560083687872346 0.18886037287747204 -0.08396195627249989 0.5090914350511373 0.491914862210154 0.1757788911533793
1 1.0 15 0.9 8.6417 8.8123 0.47774520089569456 0.25040224497727515 -0.1139082761924653 0.5611245621853567 0.4844835178483959 0.23624155298778904
1 1.0 15 1 8.6557 8.8163 0.43666631454874877 0.3175262886206516 -0.15675328552873322 0.6070947377210905 0.44456312404260717 0.29792625888500956
1 1.0 15 1.1 8.6644 8.8212 0.4288899207819092 0.3709667194166688 -0.19493182437677564 0.641936806026734 0.43727471283841884 0.3497243641994434
1 1.0 15 1.2 8.6727 8.8258 0.42045447630350086 0.4221523068688495 -0.24092339640980232 0.6663148039143166 0.4293852646060438 0.3990729544853122
1 1.0 15 1.3 8.6806 8.8305 0.41109497372737447 0.4721248584226827 -0.29864797071729965 0.6764879877954745 0.42056116262727333 0.44734411238061744
1 1.0 15 1.4 8.6885 8.8351 0.4004425095959718 0.5219443649091158 -0.3753020077158636 0.6641874506388974 0.4106053486685973 0.49501299141301147
1 1.0 15 1.5 8.6969 8.8383 0.38856335710746126 0.5710897219804134 -0.48295427665548196 0.6115510360618122 0.4007125641576547 0.5382448872423451
1 2.0 15 0.3 9.2709 9.5978 0.7249943705820985 -0.11616681217794977 0.28780165995811513 0.20603215727828394 0.7251921124012799 -0.1141447355180567
1 2.0 15 0.4 9.3028 9.5979 0.6570703534626585 0.020260762695851753 0.23808115907088376 0.33782717534277973 0.6610426395449686 0.015455989471779175
1 2.0 15 0.2 9.2245 9.598 0.8214766431075191 -0.3207496411837125 0.36287997910416486 0.014281103430701325 0.8173424070971762 -0.31098599420704365
1 2.0 15 0.1 9.1369 9.6237 0.9412601544594691 -0.7050348393354839 0.5196496586439026 -0.3597228051249244 0.9393980644893463 -0.7018020406960599
1 2.0 15 0.5 9.3291 9.6013 0.603526338449147 0.13572082961789755 0.19876869239753192 0.44480789052830927 0.6095524532394915 0.12569802899270965
1 2.0 15 0.6 9.3465 9.6094 0.5977478119271014 0.2194718345902822 0.18165266065646343 0.5260231987242296 0.6042483619597403 0.2082470900279716
1 2.0 15 0.7 9.3677 9.6116 0.5403438033283192 0.3054296805907333 0.1412161778262303 0.600754273907475 0.5478211950893604 0.2894502260901204
1 2.0 15 0.8 9.3809 9.6182 0.5353148818390925 0.368253626792598 0.1236052569711536 0.6588685186779504 0.543194268275767 0.3511483549615848
1 2.0 15 0.9 9.3927 9.6241 0.5301423484879852 0.42445322144503383 0.10487629545208607 0.7090448368397486 0.5384039480384768 0.4062751140543157
1 2.0 15 1 9.4035 9.6298 0.5248178752413806 0.47558075215219997 0.08480144014568829 0.752308812127306 0.5333955344195653 0.45663729111371776
1 2.0 15 1.1 9.4141 9.6315 0.5197866983613835 0.5213833609366829 0.06374940552856011 0.7891700711228722 0.5299551281191313 0.49870948625801037
1 2.0 15 1.2 9.4213 9.6354 0.49841078853298815 0.5582121976415113 0.03848681950198522 0.8187308943294911 0.5080602887447438 0.5341799120483588
1 2.0 15 1.3 9.4373 9.6405 0.4594141947210825 0.6163191350100953 0.0033796523832534398 0.8487061559342076 0.4675108021979567 0.5917400295812387
1 2.0 15 1.5 9.4527 9.6491 0.45095640135323284 0.68889259105065 -0.051029650861844245 0.8805172448407719 0.4594768520122332 0.6629222503954154
1 2.0 15 1.4 9.4452 9.6449 0.4552342954920992 0.653659691663712 -0.022440094109334452 0.8676624512337265 0.4635287973631993 0.6284181150414423
1 3.0 15 0.1 9.9268 10.5451 1.0223340429984973 -0.6465861962736128 0.6335427429598224 -0.2974272445193942 1.0186028349262495 -0.6371663951047377
1 3.0 15 0.2 10.0205 10.4905 0.8536667931314948 -0.24557867125391297 0.44128035355608775 0.07555457374009711 0.8490512495208019 -0.23373016806545377
1 3.0 15 0.3 10.0698 10.4808 0.7312246757473663 -0.03962563246190176 0.35604522944862 0.26848196418326586 0.7314811926351682 -0.036755836277829745
1 3.0 15 0.4 10.1058 10.4748 0.6705242242988151 0.10526325987121976 0.31036473026381745 0.40527111371699 0.6749192632808856 0.10068914248445915
1 3.0 15 0.5 10.126 10.4821 0.6426052510880624 0.19545132223186767 0.2901055757369539 0.4993860353655082 0.6472355529373133 0.1891309209026888
1 3.0 15 0.6 10.1518 10.4805 0.5786862299431107 0.2939664754124405 0.2476974987676683 0.588484910768742 0.5845435887441439 0.28280189980685866
1 3.0 15 0.7 10.1681 10.4869 0.5740360456576199 0.36447444591470357 0.23367601328818458 0.6564327539165362 0.5804193158201132 0.35189187713647496
1 3.0 15 1 10.2079 10.4991 0.5599414306268413 0.5297729267531646 0.1883234603301318 0.8082199385337586 0.5686924393481185 0.5121143587939496
1 3.0 15 0.9 10.1954 10.4992 0.5644143394220251 0.4812256712057901 0.20385788668601007 0.7648791134466442 0.5715125139901238 0.4671346389082254
1 3.0 15 0.7 10.1681 10.4869 0.5740360456576199 0.36447444591470357 0.23367601328818458 0.6564327539165362 0.5804193158201132 0.35189187713647496
1 3.0 15 0.8 10.1825 10.4933 0.5692496719897047 0.4262465668392035 0.21906655727758945 0.7145675571568231 0.5759915917200178 0.4129079959968076
1 3.0 15 1.1 10.2252 10.5018 0.4968081833552896 0.587667437162688 0.15247230078478533 0.8509792088934125 0.5035629694610884 0.5687679441411821
1 3.0 15 1.2 10.2351 10.5067 0.49325085017443393 0.6286062228245209 0.1369144449845808 0.8832873941265944 0.5002681888774196 0.6090158904455304
1 3.0 15 1.3 10.2444 10.5113 0.48972791696820855 0.6662928595220171 0.12038001796417508 0.910769796316911 0.4969612469494301 0.6461296238514285
1 3.0 15 1.4 10.253 10.5156 0.48618098051571285 0.7013486245581537 0.1029236785802909 0.9338384721024295 0.49363076823922764 0.6806265622971424
1 3.0 15 1.5 10.2612 10.5198 0.4826512756504196 0.733922667484101 0.08432787440939349 0.9525203405568874 0.49029448827376554 0.7127162856999841
1 4.0 15 0.1 10.7829 11.4999 1.0521071323010924 -0.6104664019560284 0.6829098648833928 -0.25933918299888314 1.0478777637008465 -0.5992750638879529
1 4.0 15 0.2 10.8809 11.4364 0.8610802068371242 -0.22777535831650586 0.4817427650089321 0.08938390266890606 0.8557531895114827 -0.2154214249330304
1 4.0 15 0.3 10.9361 11.4218 0.7533463887405436 -0.012464485261896252 0.400099094397838 0.2901172604291309 0.7529145379464867 -0.00842534573984799
1 4.0 15 0.4 10.9723 11.4099 0.6644610408815989 0.12111116710828007 0.3451610470487876 0.42154581021224424 0.6677096246752875 0.11774320837664254
1 4.0 15 0.5 10.9967 11.418 0.65875878732224 0.22141809715737892 0.3311548484558574 0.5212738387425089 0.6625134250269429 0.2169605218518882
1 4.0 15 0.6 11.0247 11.4131 0.592028528475661 0.31966456814052857 0.28753246163413526 0.6107709173105518 0.5971308022709484 0.31028568183625294
1 4.0 15 0.7 11.0424 11.4196 0.5873020784787655 0.38980679596096146 0.27440117244348783 0.6787509215342261 0.5928374690237199 0.3793909708519365
1 4.0 15 0.8 11.0578 11.4258 0.5825349755960939 0.4510168271370054 0.26088450096203664 0.736962182717488 0.5883852246916401 0.4399788139113576
1 4.0 15 0.9 11.0718 11.4315 0.5777278531583527 0.5053376877285765 0.24690566209335543 0.7873338246533064 0.5839163778206496 0.49364926282578603
1 4.0 15 1.0 11.0824 11.4287 0.5509214786519265 0.545080228531176 0.22741740784677592 0.8278095530240799 0.5578865255518317 0.5296543397447064
1 4.0 15 1.1 11.1037 11.4312 0.5076889338117374 0.6105629083887663 0.19710789234457526 0.8743190399172001 0.5136623360674125 0.5943430784169675
1 4.0 15 1.2 11.1143 11.436 0.5043170251239326 0.6506331135693852 0.1835027136400141 0.9071101840645786 0.5104796590282803 0.6339444428609617
1 4.0 15 1.3 11.1241 11.4404 0.5009512014999051 0.6875070465563331 0.16932544021223805 0.9354224737472773 0.5073095951200581 0.6703521220511203
1 4.0 15 1.4 11.1333 11.4446 0.497619003990455 0.7215576278236264 0.1544946913575224 0.9595811194141168 0.5041196110072443 0.7040796769650421
1 4.0 15 1.5 11.1419 11.4486 0.49430550298837794 0.7532382081274263 0.13900004629892254 0.9798386363748277 0.5009705415892004 0.7354036387646422
1 5.0 15 0.1 11.7028 12.4809 1.0737078670814468 -0.5996889721018677 0.7156882952367882 -0.25108142355969054 1.0692787973624729 -0.5877625490295404
1 5.0 15 0.2 11.8047 12.4106 0.8745547459679645 -0.21586865844098724 0.504924864267732 0.09845569571537371 0.8687611402752992 -0.20270477357455152
1 5.0 15 0.3 11.8626 12.3925 0.7636224412988026 -0.00036646144381236034 0.42091407248432905 0.2997766301270228 0.7627574283123312 0.004371625678542657
1 5.0 15 0.4 11.9 12.3784 0.6716917353942985 0.13304289694420302 0.3642551869834479 0.43125324829333067 0.674415478945409 0.13075975671998896
1 5.0 15 0.5 11.9255 12.3862 0.665975529559444 0.23325346299911143 0.350523795071306 0.5310550862234806 0.6691973472418155 0.22991144491461601
1 5.0 15 0.6 11.9547 12.3795 0.5977573252112496 0.3314064201243785 0.30625815210016677 0.620790708331934 0.6023435071034732 0.3232590975713838
1 5.0 15 0.7 11.973 12.3857 0.5930232017001469 0.40139421243459483 0.2935750666479531 0.68881994241808 0.5980467123112756 0.39222558293507603
1 5.0 15 0.8 11.9892 12.3918 0.5882566351935352 0.4623639249343654 0.2805334894097646 0.7470637470559166 0.5935695907283391 0.45263837407172747
1 5.0 15 0.9 12.0038 12.3973 0.5834854086413608 0.516420686178563 0.2671349255526978 0.7975006443898424 0.589122179568911 0.5060874885821491
1 5.0 15 1.0 12.0147 12.3937 0.5558723902195308 0.5558450666526837 0.24790889313551573 0.8378991618107235 0.5623412473643671 0.5417541099493575
1 5.0 15 1.1 12.037 12.3954 0.5121892186642649 0.6211242114886452 0.21779089637286614 0.8848618603911195 0.517715565416768 0.6063080691570684
1 5.0 15 1.2 12.0481 12.4001 0.5088544878502037 0.6609149604966119 0.2050435525421188 0.9178626864843851 0.5145862125646319 0.6456148297774422
1 5.0 15 1.3 12.0583 12.4044 0.5055475338617166 0.6974797375871982 0.19182460055445766 0.9464847483214587 0.5114803248945569 0.6817194399431655
1 5.0 15 1.4 12.0679 12.4086 0.5022994718311591 0.731199390032558 0.1780898857515842 0.971083768611361 0.5083779518677047 0.7151159750105875
1 5.0 15 1.5 12.0768 12.4125 0.49907398095584105 0.7625300133906237 0.163828930169645 0.9919299440900602 0.5053241081974649 0.7460793376592866
1 0.0 25 0.1 7.8075 8.0828 0.3976916870235179 -1.0775308003117103 -0.1029767037386799 -0.6598687891938766 0.3985299645727732 -1.084603189352978
1 0.0 25 0.3 7.8989 8.1109 0.388440498461831 -0.5774035439074325 -0.15712280365723055 -0.14852530193588143 0.3857660690515995 -0.5726548286499591
1 0.0 25 0.4 7.928 8.1178 0.3603970583309856 -0.42318169554811913 -0.19379444079821995 -0.008104346848953892 0.3559174590742843 -0.41292610037380806
1 0.0 25 0.2 7.8623 8.1014 0.40813465524961356 -0.7766481830248197 -0.0980261043268616 -0.35273582021474725 0.40793858020449575 -0.7793957668970253
1 0.0 25 0.5 7.9494 8.1244 0.3304256938337469 -0.30211003685302584 -0.2285812003655105 0.10230287948774675 0.3276497328113719 -0.29491389226671116
1 0.0 25 0.7 7.9799 8.1356 0.2879141417554729 -0.12031666390003837 -0.2900622289586057 0.2703677157993105 0.2887363689003624 -0.12088565908901128
1 0.0 25 0.6 7.9646 8.1301 0.3125606601108003 -0.20996467514713424 -0.2574910110896917 0.19152457429142689 0.3112781597739449 -0.20579144878537758
1 0.0 25 0.8 7.9902 8.1404 0.27906448718207866 -0.051551126482968446 -0.3206621685455412 0.3378756015837858 0.2809537978510366 -0.054805488192553264
1 0.0 25 0.9 8.001 8.145 0.2587202364662871 0.01959970309121828 -0.36104688310751204 0.3974457526783002 0.2618929997114554 0.012858742780241572
1 0.0 25 1.0 8.0116 8.1495 0.2421158202487556 0.08810107036010972 -0.4056012650943238 0.44823914776382323 0.24664808537892152 0.07710354174176182
1 0.0 25 1.1 8.0198 8.1535 0.2302552614056737 0.1490061906748581 -0.4642429339123001 0.48763573186283615 0.23602931200349966 0.13439402544827717
1 0.0 25 1.2 8.0277 8.1579 0.2152723185477489 0.2145073917905722 -0.5554640327684294 0.5032454969728728 0.22204841212038615 0.19670466682714616
1 0.0 25 1.3 8.0381 8.1626 0.18286183642642198 0.29538601525245123 -0.6789410592232921 0.4599662609546029 0.19196867182826205 0.2688642537438404
1 0.0 25 1.4 8.0472 8.1679 0.1446489516238771 0.38124614120856126 -0.6818504741248459 0.45868912430532593 0.15689762081600583 0.3462256029128419
1 0.0 25 1.5 8.0557 8.1722 0.12477920024287983 0.4482725260088556 -0.6818137738903991 0.46048039764576965 0.13780160248257808 0.40715430818932474
1 1.0 25 0.2 8.7267 8.9983 0.6130774182585444 -0.5082722794143477 0.14386522580232902 -0.14574748993679543 0.6087005745396062 -0.49823592392777827
1 1.0 25 0.3 8.7708 9.0034 0.5475071798771813 -0.2940323620098737 0.07357339399909951 0.0490434608203385 0.544655076269864 -0.2867778994184016
1 1.0 25 0.4 8.7988 9.0092 0.5057387414010941 -0.15607641167854003 0.033153547296953356 0.18063796758016482 0.5057038754038367 -0.15415387489034393
1 1.0 25 0.1 8.6554 8.9913 0.6541627151095882 -0.8518650165042423 0.2405470354418918 -0.5118875490063204 0.6543216263329626 -0.8554478332303772
1 1.0 25 0.5 8.8213 9.0157 0.4637063814762553 -0.03956974569205629 -0.007471903246918821 0.2870469102358344 0.4659009077025635 -0.04277977817016887
1 1.0 25 0.6 8.8385 9.0222 0.4412808231439166 0.052438911470423566 -0.03519627547211793 0.37216436011258014 0.4447123021453695 0.04569225344401029
1 1.0 25 0.7 8.8509 9.0276 0.4308957504189749 0.122368793890818 -0.05851548749019031 0.44059929181737334 0.43528881205600184 0.11312851364936738
1 1.0 25 0.8 8.8646 9.0327 0.4044253758829777 0.19435793012933766 -0.0914206840816845 0.5026078127947031 0.4097444369735486 0.1816319606262784
1 1.0 25 0.9 8.8749 9.0373 0.39824900254601997 0.2532207103449333 -0.11866201119436628 0.5540715657335549 0.4045912843396507 0.2378171660787891
1 1.0 25 1.1 8.8951 9.0465 0.364862474164416 0.365025929105804 -0.19096596345466782 0.6348431091164163 0.37204819344991263 0.3447032962083705
1 1.0 25 1.0 8.8834 9.042 0.3874116892229972 0.3052870996048287 -0.14991258708319594 0.597544990043727 0.39400591350788233 0.28828039081489054
1 1.0 25 1.2 8.9024 9.0507 0.3578000744103847 0.41151472157886215 -0.2307353910980262 0.6615945156263383 0.36532036752643865 0.38948491478340896
1 1.0 25 1.5 8.9246 9.0639 0.33215397054346096 0.5516153205415157 -0.44953353081020786 0.6348991077555373 0.34132052058092693 0.5238364540987108
1 1.0 25 1.3 8.9099 9.0551 0.3502537060117857 0.45871697261612665 -0.28341603166720364 0.6759175270167832 0.3582025624632195 0.43519113460151315
1 1.0 25 1.4 8.9173 9.0594 0.34189078900909897 0.504927642502137 -0.3522072560824417 0.6719504782109128 0.3503588353276991 0.47946905190315947
1 2.0 25 0.4 9.5362 9.8223 0.5957692780417384 0.031273405687476385 0.22900647535104024 0.33701439999663063 0.5990616818571233 0.026968804481966258
1 2.0 25 0.2 9.4583 9.8223 0.7467819369435502 -0.30768550150261165 0.3504358647495103 0.014650334306159918 0.7432385095912215 -0.29754248005164974
1 2.0 25 0.3 9.5036 9.8213 0.661586014073239 -0.10918837316174113 0.2791247139233278 0.20283268483556394 0.6617926759039929 -0.10676658065544586
1 2.0 25 0.1 9.3704 9.847 0.8682245979225681 -0.6922838978913701 0.510585977478711 -0.3547420566002255 0.866500247869148 -0.6875904817982661
1 2.0 25 0.5 9.5605 9.8283 0.5620750506275668 0.1399682575567629 0.19743595010218018 0.4403569549676849 0.5666436880539234 0.1321466194430747
1 2.0 25 0.6 9.5812 9.8333 0.5271947548010285 0.23087705042220508 0.16651023396478437 0.5250808681816554 0.5326501284783218 0.21985282328005118
1 2.0 25 0.7 9.5954 9.8376 0.5126538932235354 0.2961271505503036 0.14744665033966078 0.590619910744376 0.5189968363114723 0.282149615724717
1 2.0 25 0.8 9.6118 9.8411 0.47930325949898145 0.36512747495724773 0.11943162658786124 0.6519535144745114 0.4859500433580086 0.34799775247948883
1 2.0 25 0.9 9.6233 9.8472 0.47502814067622173 0.4199851325611723 0.10221278161636844 0.7019182162688421 0.48192529195599215 0.4021483749003474
1 2.0 25 1.1 9.6434 9.8577 0.4663496756811805 0.5147938187197023 0.06401067465907961 0.782703922161433 0.4737835964183162 0.49520888890856885
1 2.0 25 1.0 9.6337 9.8526 0.4707014059021398 0.4695751536687911 0.08380973510371545 0.7452562103059726 0.4778872106135612 0.4508162457856555
1 2.0 25 1.2 9.6559 9.86 0.4326188605756939 0.5629007440960285 0.034218398416448054 0.8164974460762442 0.4395544207061529 0.5405860126881457
1 2.0 25 1.3 9.6642 9.8645 0.42888109643243294 0.6014316787538794 0.012181072433232146 0.8429219479532899 0.43607156908134126 0.578190210746048
1 2.0 25 1.5 9.6792 9.8729 0.42130944334904685 0.6711708510513082 -0.03885858366466788 0.8794251557645711 0.42893229932559546 0.6464027691551357
1 2.0 25 1.4 9.672 9.8688 0.42514485889051806 0.6373986217010483 -0.012023357052505984 0.8639013828751292 0.4325751103968573 0.6132582967575695
1 3.0 25 0.4 10.3352 10.7009 0.6118974331514152 0.10014290937864478 0.30175270807941285 0.39667145512993995 0.6146253237127801 0.09775264187094157
1 3.0 25 0.1 10.161 10.7662 0.9466545648886803 -0.6314111045896962 0.6185824430078433 -0.2884078605135276 0.943548500201654 -0.6205832030067826
1 3.0 25 0.2 10.2517 10.7173 0.7876239523537659 -0.24482231056094017 0.4315068251848204 0.06869430371154728 0.7827995876385213 -0.23146773328196812
1 3.0 25 0.3 10.3008 10.7032 0.6913754829297761 -0.04110074877942216 0.3565440539519391 0.2617408911210757 0.6917511132342833 -0.03730258166937306
1 3.0 25 0.6 10.3796 10.7068 0.5566111554734623 0.2848238378350052 0.25282127377795965 0.5784104322570788 0.5614435110374102 0.2757669125331832
1 3.0 25 0.7 10.3992 10.7082 0.518643537357094 0.362266635060738 0.22478751559374266 0.6501010128719806 0.5239190471593282 0.3499957361500219
1 3.0 25 0.5 10.3616 10.7035 0.5733785078416024 0.20882644536571182 0.27038186244311124 0.5005091812084554 0.5772730625055185 0.20267878982889131
1 3.0 25 0.8 10.4133 10.7144 0.514735178074536 0.42270596710063857 0.21150856036536425 0.7078294303018375 0.52032939745046 0.40952251382103055
1 3.0 25 1.1 10.4522 10.7255 0.46937280385067776 0.575318432490591 0.15648389268370017 0.842252465049304 0.4752734689588076 0.5576038208793159
1 3.0 25 0.9 10.426 10.7203 0.5108332426004758 0.47640626757496185 0.19769967408619313 0.7578600894394933 0.5167284438307733 0.46247066529373737
1 3.0 25 1.0 10.4417 10.7206 0.47253470830091665 0.5319289674139767 0.1705331011668095 0.804547900284703 0.47818577487626673 0.5150349706097501
1 3.0 25 1.2 10.462 10.7302 0.4661981767122576 0.6150866008083895 0.14176523118967188 0.8751193803273347 0.47235122707223676 0.5965430626984766
1 3.0 25 1.5 10.4873 10.7429 0.45671458891896743 0.71696564642267 0.09237399641959414 0.9477878105110389 0.46343420495008525 0.6969007456136759
1 3.0 25 1.4 10.4794 10.7389 0.45987447840293033 0.6855164441612137 0.10977597981751838 0.9276137492679326 0.4664113989340875 0.6659255564640835
1 3.0 25 1.3 10.471 10.7347 0.4630195701199124 0.6516622582634085 0.12619771661438442 0.903459471392916 0.46937267059479626 0.6325700874541932
1 4.0 25 0.2 11.1136 11.6598 0.8087951163256227 -0.22245736615152167 0.47404123132591175 0.08595763565827608 0.803869757318074 -0.20881713912635846
1 4.0 25 0.3 11.1661 11.6425 0.7033821433772689 -0.01972079806690341 0.39437062508705756 0.28006448615293067 0.7030478749749365 -0.015100361194586132
1 4.0 25 0.1 11.0167 11.7223 0.98678084642306 -0.597267388936811 0.6742084983854467 -0.2569594312060184 0.9834114350776736 -0.5855939391149498
1 4.0 25 0.4 11.2043 11.6368 0.6314809374258286 0.1264451007336378 0.34232905088075183 0.4186833971437709 0.6335953057028165 0.12528448262480052
1 4.0 25 0.5 11.2328 11.6379 0.5910040162043821 0.23505053888829508 0.31024851099253054 0.5228726807015269 0.594175288140371 0.2307012389927665
1 4.0 25 0.7 11.2733 11.6394 0.5329317028412562 0.38752225481740976 0.2642263577363627 0.672480781701225 0.5375091840874954 0.3773670196799359
1 4.0 25 0.6 11.2521 11.6399 0.5730172562120738 0.31050460191681317 0.29278303522972327 0.6006605353610921 0.5771228932903081 0.303398148503224
1 4.0 25 0.8 11.2886 11.6454 0.5290351891540076 0.447465961987503 0.25201986652947916 0.7302684507607412 0.5339047758595383 0.43650081338886393
1 4.0 25 0.9 11.3023 11.6509 0.525134437460085 0.5004574002344255 0.23942642968133243 0.7803640706137902 0.5302824073117955 0.4887433540893491
1 4.0 25 1.1 11.3304 11.6543 0.4823083224888102 0.5982160903910978 0.20032451991579658 0.8653299877738111 0.48749792396174424 0.5830147418363705
1 4.0 25 1.0 11.3192 11.6495 0.4853653914990053 0.5554941272470477 0.2126600647562019 0.827365094477956 0.4903468429401723 0.5409665421799312
1 4.0 25 1.2 11.3409 11.659 0.4792443282409173 0.6372845777108398 0.18748301503123624 0.898579798739601 0.48462401902107966 0.6215758323885155
1 4.0 25 1.3 11.3504 11.6633 0.476225710102919 0.6730778405167852 0.17411488029178251 0.9275277239433793 0.48176457847535376 0.6569678734809159
1 4.0 25 1.4 11.3593 11.6674 0.4732390241615284 0.7061397967045848 0.16020635818124374 0.9525914331175273 0.47894567176869035 0.6896149399754363
1 4.0 25 1.5 11.3677 11.6713 0.4703027530092658 0.7367334078261784 0.14567754786494752 0.9740211614588437 0.4761418762283045 0.719905257796492
1 5.0 25 0.4 12.1322 12.6049 0.6404422211338576 0.13838266472033145 0.3614964313291965 0.42854997981817444 0.6420996651966823 0.1382022304909396
1 5.0 25 0.2 12.0416 12.63 0.8081641428605841 -0.1945593896790816 0.4837111328397814 0.10563628787685597 0.803326224895965 -0.18131081721047115
1 5.0 25 0.3 12.0971 12.6099 0.69499169290278 0.008595957515556307 0.40059760090332963 0.2991629262797999 0.6945616620400802 0.01316916504881438
1 5.0 25 0.1 11.9368 12.7028 1.0095807543665924 -0.5864098465575147 0.706889514713051 -0.2484735110550449 1.0060565136620103 -0.5741220271351921
1 5.0 25 0.5 12.1619 12.6048 0.5990425037924595 0.24695538085291546 0.32903034502858153 0.5329159119833387 0.6017960935249248 0.24358463244464734
1 5.0 25 0.8 12.22 12.6106 0.5353965719434589 0.4588070470871859 0.27104794216499395 0.7403810445955725 0.5398204147942135 0.4491562071633146
1 5.0 25 0.7 12.204 12.6048 0.5392978763805971 0.399064722071639 0.28277935898802287 0.6825660598133463 0.5434356030548795 0.3901823364664272
1 5.0 25 0.6 12.1877 12.6038 0.5565942175092151 0.3370497976519613 0.29801737579434096 0.6182640779023855 0.5601146433867055 0.33057408371600383
1 5.0 25 0.9 12.2342 12.6159 0.5315239236840864 0.5116178550552595 0.25904410633552005 0.7905060029006657 0.5362342583752051 0.501193946763534
1 5.0 25 1.0 12.2519 12.6135 0.49096887233964887 0.5664185956423649 0.2323679682550959 0.8376910894034633 0.49555164283878733 0.5532730371535641
1 5.0 25 1.1 12.2636 12.6182 0.48793610623437217 0.6089270765934218 0.2207483927857487 0.8757628037209402 0.4927428642112383 0.5950735450657884
1 5.0 25 1.2 12.2744 12.6228 0.48492589117701057 0.6476545639908227 0.20871944438369244 0.9091619462235847 0.48989823876755473 0.6333844539554843
1 5.0 25 1.3 12.2844 12.6271 0.4819573786713462 0.6832154990055705 0.19627142255294666 0.938368711639973 0.487106768498908 0.6684915820448226
1 5.0 25 1.5 12.3024 12.6349 0.47614709515682285 0.7462219347336155 0.16999530401293644 0.9856533060035267 0.48158397290074934 0.7308427708135646
1 5.0 25 1.4 12.2937 12.6311 0.47903005390830644 0.7159201156460531 0.1833822794868411 0.9637592972735605 0.4843198543185608 0.7008710546633405
1 -1.0 50 0.4 7.2831 7.4686 0.027333919602789455 -0.6727124723721334 -0.44019074233268307 -0.16674366395482276 0.02575434991698497 -0.6692707556594153
1 -1.0 50 0.2 7.2298 7.4492 0.018457870902446244 -0.9924483504437578 -0.4110917753085239 -0.49106124379499483 0.01865267782336892 -0.9967488258087902
1 -1.0 50 0.3 7.2591 7.4608 0.02919324929058928 -0.8121291681534306 -0.4077931977656273 -0.3048191617904845 0.02949714639148815 -0.8161955906195055
1 -1.0 50 0.1 7.181 7.4308 0.01228244309708397 -1.2900873646031419 -0.4434612617532281 -0.7987794930309857 0.013616401686817589 -1.298978380220411
1 -1.0 50 0.5 7.3036 7.4753 0.013485623093428933 -0.5539873823255987 -0.46479371702272165 -0.054949845177689305 0.010224314040972057 -0.5449868645816076
1 -1.0 50 0.6 7.3199 7.481 0.002242129363978343 -0.4561321831104468 -0.4784165691439167 0.04278240243936593 -0.0016359555391971675 -0.4445002806540568
1 -1.0 50 0.7 7.3337 7.4861 -0.012671004957267334 -0.3690332047947953 -0.4992857206149872 0.12875576452695747 -0.015732363922313267 -0.3586980718104982
1 -1.0 50 0.8 7.3456 7.4907 -0.025787553904654342 -0.2900471444830681 -0.5232006633162167 0.2073154627837135 -0.02765388242521119 -0.2824827807538539
1 -1.0 50 0.9 7.3561 7.4951 -0.0368641228219134 -0.21625591429859803 -0.5534921245863429 0.2813073758257285 -0.03748444684479452 -0.21215513196728164
1 -1.0 50 1.0 7.3651 7.4993 -0.04591919702809846 -0.1448130045021836 -0.5935643323055385 0.35153046155634127 -0.045386504960746504 -0.144268264646644
1 -1.0 50 1.1 7.3747 7.5036 -0.06175999106301669 -0.06817097856062859 -0.6571884932813911 0.4087928686715876 -0.05966003346428708 -0.07301372682940288
1 -1.0 50 1.2 7.3841 7.5081 -0.08811934865553572 0.0286031740662942 -0.7707681658382652 0.424105308480196 -0.08334101310785547 0.01500281343513965
1 -1.0 50 1.3 7.3504 7.4917 -0.06868425171122511 0.022505297513365496 -0.764223662317081 31.90270661616852 -0.05656789278054128 0.006652933904255143
1 -1.0 50 1.4 7.3344 7.4839 -0.07899051026341594 0.04164309815603762 -0.7927932583009799 56.06895288127375 -0.06173936344873787 0.019018780916187916
1 -1.0 50 1.5 7.3385 7.4855 -0.09841353852652687 0.04175356349273396 -0.7802174489219655 53.809171356618315 -0.08553863825076916 0.021837295909878707
1 0.0 50 0.2 8.1731 8.406 0.30126648855800353 -0.7592415994266173 -0.10104616415386586 -0.3574663253827586 0.3008058514401606 -0.7598319530630449
1 0.0 50 0.3 8.2107 8.4155 0.281594484721838 -0.5555110116569859 -0.1577463071095234 -0.15305429153856887 0.2785513169470668 -0.547239592932441
1 0.0 50 0.4 8.2391 8.4226 0.2533819316554837 -0.40458559038367614 -0.19446869890283558 -0.01409026214501119 0.2495969814694926 -0.3933652596048647
1 0.0 50 0.1 8.1185 8.3876 0.2896557664070258 -1.058398574487869 -0.10080056091884682 -0.6641852894396585 0.29005284323364 -1.063433071968525
1 0.0 50 0.5 8.2586 8.429 0.23175653412966896 -0.2928307034601094 -0.22331552611954525 0.09281321907430806 0.22925542328943418 -0.28435548247079234
1 0.0 50 0.7 8.2885 8.4401 0.19289089371266585 -0.11535005032704748 -0.28062683210023176 0.2593849925357088 0.1934566731801339 -0.11468005104274392
1 0.0 50 0.6 8.2747 8.4347 0.21307521588900916 -0.19883701598104486 -0.25137951898872823 0.18215612916624346 0.21218772450423687 -0.19418120831691277
1 0.0 50 0.8 8.2996 8.4448 0.18283627613074188 -0.044980549349601384 -0.3088852036685008 0.3266022425742183 0.18463859063791455 -0.04778848012393322
1 0.0 50 0.9 8.3102 8.4494 0.164060376024045 0.02333394900867347 -0.3454475796995289 0.38543800201671496 0.16691782258221405 0.016924130690348482
1 0.0 50 1.0 8.3192 8.4538 0.15264808656250292 0.08572522084768863 -0.3851466080669538 0.4368919792831074 0.15627566987226543 0.07650206332992626
1 0.0 50 1.1 8.328 8.4578 0.13794053106585627 0.14635503721527843 -0.4387193975976207 0.4772396631406115 0.14258020325578696 0.13330131939905776
1 0.0 50 1.2 8.3352 8.4619 0.1268270602936662 0.20563613971064676 -0.5139482588528951 0.5005039162335643 0.132147423690735 0.18994294559562808
1 0.0 50 1.3 8.3438 8.4662 0.1094401722195393 0.27254069044162255 -0.6418089560801139 0.4733674593179362 0.11609040373206482 0.2515899674278317
1 0.0 50 1.4 8.3517 8.4701 0.07854064935948504 0.3289132233464278 -0.6997688036829982 0.43661242549487844 0.08626468991099061 0.3034940574228686
1 0.0 50 1.5 8.3578 8.4734 0.0605752101502046 0.3704530803813424 -0.6957153641810546 0.43803648328324196 0.0686754636623993 0.34202022572169066
1 1.0 50 0.1 8.9655 9.2955 0.5674454051871394 -0.8401500270887718 0.2403026102007983 -0.5152331560671828 0.5674446904911636 -0.84232059247855
1 1.0 50 0.3 9.0803 9.3071 0.46770344826452454 -0.2877595322897142 0.07328006117665678 0.043284259632885735 0.46517567147779926 -0.27924568760385515
1 1.0 50 0.4 9.1088 9.3134 0.42418659628650585 -0.14504060575648992 0.029942694007547954 0.177702201895668 0.42418400356865765 -0.14238576957556948
1 1.0 50 0.2 9.0372 9.3025 0.5251978294824198 -0.49431789962305595 0.1394243663707664 -0.14761982804359053 0.5214097157561988 -0.48366457401985863
1 1.0 50 0.5 9.1299 9.3199 0.39243602709508063 -0.035824928929121924 -0.003172925190799536 0.2811321745227984 0.39422593852973775 -0.037943337952844214
1 1.0 50 0.6 9.1465 9.3261 0.36805036191129314 0.05288550029947303 -0.031281669151752914 0.36514959912582334 0.3708595382236562 0.04735389073143237
1 1.0 50 0.7 9.16 9.3316 0.35096180319554643 0.1263523849049759 -0.0566977430438288 0.4350616791954145 0.3546238797589423 0.11795820575991156
1 1.0 50 0.8 9.172 9.3365 0.3357764235891535 0.1916229750314289 -0.08197351169371658 0.4955605254973239 0.34023157396429654 0.18021853756574124
1 1.0 50 0.9 9.1829 9.3415 0.32031958981697 0.2522002671995358 -0.11026367105162574 0.5483301645344989 0.3252107489186101 0.2385771761794584
1 1.0 50 1.0 9.193 9.3461 0.3048359780307597 0.3078577044111914 -0.140981730893096 0.5936259222653921 0.3100562289484685 0.29199993626260823
1 1.0 50 1.1 9.2014 9.3504 0.2994558840345948 0.3567214140916992 -0.17249204895403247 0.6310496849049058 0.30522263265325994 0.33886521096014954
1 1.0 50 1.2 9.2101 9.3549 0.2860550587426509 0.40595361252026074 -0.21119194499884703 0.660984193907394 0.2918667114473395 0.38651098600107936
1 1.0 50 1.3 9.2172 9.3585 0.27851938969394696 0.4487840879096181 -0.25607493124429476 0.6803775317298225 0.2848179597399222 0.4270125303952259
1 1.0 50 1.4 9.2241 9.3626 0.27218145765629853 0.4916759825011672 -0.31434974847824343 0.6857786875296212 0.2788555526488117 0.4683738627003069
1 1.0 50 1.5 9.2308 9.3667 0.26511238199666054 0.5338768615951974 -0.3940749609729209 0.6677683648485248 0.2722243916038769 0.5088216066762448
1 2.0 50 0.1 9.6803 10.15 0.7993646289142978 -0.6832551489630745 0.5097011454087257 -0.35695099872207314 0.797931722101033 -0.6778409696423491
1 2.0 50 0.2 9.7688 10.1241 0.674909573347064 -0.29748671359044243 0.33959876969135705 0.01345976322944109 0.6716686103454481 -0.28675086692112894
1 2.0 50 0.3 9.8159 10.1218 0.5834941208875573 -0.09476548348682456 0.2626036586419577 0.2050436482805913 0.5840736806156428 -0.0926762282114777
1 2.0 50 0.4 9.8469 10.125 0.5364349413633303 0.04151396473453528 0.2233536558014853 0.3370110706479983 0.5393350732820397 0.03786807291058869
1 2.0 50 0.5 9.8707 10.1297 0.4994449641292959 0.14616807955740274 0.19140930050272298 0.43846700256802107 0.503611801823627 0.13834897920332745
1 2.0 50 0.6 9.8887 10.1359 0.47690137870759536 0.22879787003511187 0.1688330195053107 0.5194867002221963 0.48151833823714013 0.21870713626269733
1 2.0 50 0.7 9.9047 10.1402 0.45335122890524776 0.299438762970512 0.1455994739444609 0.5878316621836944 0.45856701791762783 0.28644552864235884
1 2.0 50 0.8 9.9191 10.1452 0.4354304183890125 0.36321179387320135 0.1248649130784824 0.6473498524902025 0.44088716392929267 0.34819613237319835
1 2.0 50 0.9 9.9322 10.1498 0.41649239501540325 0.4202916857436274 0.10320532603038086 0.6989988656824608 0.4220076355149344 0.4034807291617446
1 2.0 50 1.0 9.9424 10.1552 0.4129349822738335 0.4683207768772799 0.08708604725344604 0.7425520113828327 0.41867308750878574 0.4506943035752955
1 2.0 50 1.1 9.9536 10.1588 0.39449006437285333 0.515257933599875 0.06479391535133866 0.7816684232955263 0.40007876995608993 0.4958476789227799
1 2.0 50 1.2 9.962 10.1635 0.39126793966178897 0.5553042633845982 0.04668013242992275 0.8143706621011163 0.39700870238345726 0.5353575009432898
1 2.0 50 1.3 9.9696 10.1665 0.38405437799231823 0.5903430018557108 0.026656673347022306 0.841813804546703 0.3900275775712527 0.5684843366833454
1 2.0 50 1.4 9.9771 10.1707 0.3809039197522515 0.6249371301879525 0.005380988225118177 0.8651808584744929 0.38707438668079835 0.6023348341610352
1 2.0 50 1.5 9.9865 10.1738 0.3677590949867184 0.661245561673925 -0.020494920550834655 0.8845771115219629 0.3736482639795708 0.6373710046447276
1 3.0 50 0.1 10.4707 11.069 0.8843403414564712 -0.6229420772625696 0.6159703024293154 -0.2901093668321162 0.8817805885140989 -0.6111438224656103
1 3.0 50 0.2 10.5626 11.0162 0.7242283552914388 -0.23441929369180037 0.4205154380854391 0.0693314601333479 0.7202343732886176 -0.22047475288999974
1 3.0 50 0.3 10.6106 11.0055 0.6256565262811736 -0.03505809534265425 0.34342361737594945 0.26007420030519124 0.625523041090146 -0.030094012518144142
1 3.0 50 0.4 10.6438 11.0044 0.5700434599532231 0.10255619069565425 0.3007238167244639 0.3933819647547292 0.5720384360608473 0.10172796294676911
1 3.0 50 0.5 10.6693 11.0053 0.528085455551873 0.20696651419936285 0.26880304980062864 0.49525859854710874 0.5313019186586857 0.20189086342702778
1 3.0 50 0.6 10.6899 11.0084 0.5073526080922934 0.29169192489596885 0.24815948810054564 0.5777081179794322 0.5113996940358696 0.2836577101119433
1 3.0 50 0.7 10.7069 11.0121 0.4815531967473822 0.36137324144346095 0.22672442398948553 0.6458529069463225 0.48580458308927393 0.35111926462342
1 3.0 50 0.8 10.7227 11.0158 0.46089592239622934 0.4246718426082261 0.20712644645042577 0.7054260019600022 0.4652956732069507 0.41256740755160193
1 3.0 50 0.9 10.7352 11.0214 0.45771644857159477 0.4769463537772869 0.19511577641621775 0.7553279520525852 0.4623792134343969 0.4639200580554561
1 3.0 50 1 10.7485 11.0242 0.43753159764745236 0.5273974405940975 0.17601706034679504 0.8005396937017575 0.44213902585778353 0.5126244469416723
1 3.0 50 1.1 10.7589 11.0275 0.4347823042299359 0.5693746387644412 0.16352460977419447 0.8385929991821237 0.43982928160938023 0.553081552964457
1 3.0 50 1.2 10.7677 11.0317 0.4268303882561274 0.605920113443703 0.14916903012106913 0.8713791230196047 0.4318541298854544 0.5887066131153073
1 3.0 50 1.3 10.779 11.0358 0.4127492277564556 0.6466528370937473 0.13135628646490258 0.902600518098965 0.4174211746606318 0.6289742526525832
1 3.0 50 1.4 10.7863 11.0377 0.4064756149327214 0.6767833094964467 0.11706726563512687 0.9270380416889012 0.4112920546882636 0.6573996689033816
1 3.0 50 1.5 10.7939 11.0416 0.4042112858511741 0.7070181658799658 0.1022486416140913 0.9487456875594205 0.409158861214835 0.6871943027195122
1 4.0 50 0.5 11.5109 11.9166 0.5628140573158007 0.2356343607187832 0.3213451393388528 0.5203968024291026 0.5655964178540832 0.2318927503808088
1 4.0 50 0.6 11.5327 11.9175 0.5342130473435691 0.31745379855290334 0.2981328603245911 0.6021264901942971 0.5377457845555231 0.31079461902955097
1 4.0 50 0.7 11.5519 11.9203 0.5109913535597892 0.3892793128680614 0.27796958678493555 0.6719301162847511 0.5148614822356508 0.38065271472127304
1 4.0 50 0.2 11.3958 11.9383 0.7658113437749111 -0.20116498474728783 0.4748721335651729 0.09408738827289365 0.7615496270347508 -0.18792015142863527
1 4.0 50 0.3 11.4472 11.9218 0.6722244824548511 -0.00570632138918481 0.4022805236248182 0.2839356941843252 0.6719627075818628 -0.0005195710804219988
1 4.0 50 0.4 11.4826 11.9164 0.6038348684816444 0.128527481955248 0.35314000252301964 0.41624881561222815 0.6055976860167624 0.12825464775379958
1 4.0 50 0.1 11.2953 12.0075 0.9641031556295158 -0.5873077381902168 0.70121311091442 -0.2555979915427318 0.9605614083919962 -0.5735203449240067
1 4.0 50 0.05 11.2139 12.0342 1.0158837269116288 -0.9124130002729329 0.7962258414815371 -0.6489375694278674 1.014446781664125 -0.9056732573353841
1 4.0 50 0.8 11.5696 11.9227 0.48894511629306203 0.45245514357611993 0.25866175722475837 0.7321820589876341 0.4930123151950356 0.44192392262933655
1 4.0 50 0.9 11.5833 11.9261 0.485740889023038 0.504172364199803 0.2479612437579172 0.7824699951957923 0.4903212143043004 0.4921611465628297
1 4.0 50 1.0 11.5978 11.9302 0.46418361402478775 0.5546029965272428 0.22952980479221186 0.8284843682982231 0.4684443499547125 0.5417977968159218
1 4.0 50 1.1 11.6082 11.9322 0.45571503229926574 0.5936042343539636 0.21728283988611785 0.8661277002178934 0.4601981709812844 0.5791531851393791
1 4.0 50 1.2 11.6216 11.9362 0.44059298339896324 0.6376856370940117 0.20126235239052354 0.902871962400476 0.44476891375951255 0.6228378234389427
1 4.0 50 1.3 11.6298 11.9376 0.43219262742674436 0.6692652176488968 0.18914834475810022 0.9316718405109523 0.4364502844003373 0.6527723912488512
1 4.0 50 1.4 11.6385 11.9417 0.4300204352702988 0.701269750969119 0.17783593636134537 0.9581835044179701 0.43439854990547083 0.6843917058003369
1 4.0 50 1.5 11.6467 11.9455 0.4278954174893227 0.7308013530779472 0.16608113537483465 0.9813547025826688 0.43239204731573155 0.7135017945032468
1 -1.0 100 0.1 7.4927 7.7357 -0.09143127849243057 -1.2422007879651777 -0.4383935786727513 -0.8037838634228158 -0.24905740751163358 -1.1012864890910123
1 -1.0 100 0.2 7.5392 7.7528 -0.07327528276995518 -0.9492036461168369 -0.3997254799707152 -0.4962935346886008 -0.07345813539908946 -0.9506006534896809
1 -1.0 100 0.3 7.5692 7.7641 -0.06308463225468244 -0.7693247906994449 -0.4061052692752919 -0.3121783053972562 -0.06381159096679381 -0.7674466399919757
1 -1.0 100 0.4 7.593 7.7724 -0.06906868220273155 -0.6292971643476573 -0.43640060895672017 -0.17685281229382133 -0.07056302847630005 -0.6235567316293753
1 -1.0 100 0.5 7.6133 7.7792 -0.0803750097527752 -0.5138497138085703 -0.45032395978647444 -0.0661897020583222 -0.08363822759247239 -0.5017998635002134
1 -1.0 100 0.6 7.6292 7.785 -0.09125734860058834 -0.4188544012504498 -0.46250965636175123 0.028520487681522155 -0.09453750241689032 -0.40586055970021073
1 -1.0 100 0.7 7.6427 7.7901 -0.10137523049992986 -0.3348682750436289 -0.4777419758980648 0.11207573348866573 -0.10387601436145755 -0.32381765178285704
1 -1.0 100 0.8 7.6539 7.7947 -0.11093162084698976 -0.2594840350107548 -0.49793879063179525 0.18774309067528128 -0.11249658947400226 -0.2513566767332549
1 -1.0 100 0.9 7.6636 7.7989 -0.11790867267016639 -0.18960153164600135 -0.5227645862450554 0.258531942531371 -0.11861374849628617 -0.18449785416836528
1 -1.0 100 1.1 7.6813 7.807 -0.1388921327943494 -0.05257640061072877 -0.6096084378440916 0.3787086681834846 -0.1375592405886982 -0.055310521737036655
1 -1.0 100 1.2 7.6897 7.8111 -0.15252556519359106 0.02380370036406987 -0.7050737572765778 0.4051078798280634 -0.14989851120052614 0.015489324718568342
1 -1.0 100 1.3 7.6727 7.8024 -0.15052451736050892 0.05968402264942618 -0.7629816673388424 42.56919663856056 -0.14112499566219477 0.04528503339453538
1 0.0 100 0.1 8.4276 8.6897 0.22578325872965033 -1.0334618155928565 -0.0798467250645147 -0.6641382088937064 0.22573474639417165 -1.034043850500286
1 0.0 100 0.2 8.4792 8.7066 0.23126614517317245 -0.728642961164099 -0.09484854990014288 -0.35256897317206404 0.23015737932746944 -0.725212796299467
1 0.0 100 0.3 8.5176 8.7164 0.20601042373866985 -0.5236021026552133 -0.1493467874311913 -0.15093423594140565 0.20251938606309897 -0.5120347984114006
1 0.0 100 0.4 8.5447 8.7238 0.17922083937534633 -0.37853814727423996 -0.18280115696193794 -0.015027034598352085 0.17567427275592928 -0.36620399829478667
1 0.0 100 0.5 8.5648 8.7304 0.15729318794698394 -0.2664713877464584 -0.21005623716272404 0.09147816211769588 0.15513177117860644 -0.2576412165669375
1 0.0 100 0.6 8.58 8.7362 0.14108920663216615 -0.17624019815515246 -0.23427772805809638 0.17892715185836505 0.14020085767442733 -0.17096046319680203
1 0.0 100 0.7 8.5933 8.7414 0.12396712757302289 -0.09653761855823517 -0.2600329536854303 0.25455947929548284 0.12436291452930281 -0.0951329703551862
1 0.0 100 0.8 8.6042 8.7462 0.11058236800707849 -0.026740067150736735 -0.28697693807377467 0.320493389228544 0.1118778274746432 -0.028360591591847006
1 0.0 100 0.9 8.6143 8.7507 0.09677279420572127 0.03753855298991593 -0.3174343309345832 0.37881719904936806 0.09894232398314164 0.032692395385395256
1 0.0 100 1.1 8.6309 8.7588 0.07502752452825522 0.15269509756366761 -0.3972515850174961 0.47169780325839716 0.07856165174167629 0.14225503486143265
1 0.0 100 1.2 8.6391 8.7627 0.06231878421347052 0.20929981063800218 -0.45845709233727594 0.4992966581295608 0.06662977728607283 0.19531444534978437
1 0.0 100 1.3 8.6464 8.7666 0.04948566604996601 0.2664761384718146 -0.5543293872049754 0.4952823068140655 0.0544988040769992 0.24917883115548833
1 1.0 100 0.1 9.2671 9.5932 0.520800527676915 -0.8168278686449126 0.2641945771592572 -0.5143866106505317 0.3527981001953266 -0.6604034549188793
1 1.0 100 0.2 9.3453 9.6051 0.4563445571979915 -0.4824292168794464 0.13873481565921475 -0.15023122064017858 0.4523980939428213 -0.46925349801370486
1 1.0 100 0.3 9.3791 9.6021 0.4151113627832644 -0.2672391026727481 0.08535206900965231 0.049057130443885155 0.412566408730569 -0.25800264280246865
1 1.0 100 0.4 9.407 9.6088 0.37326982047340557 -0.12832826170974543 0.04419230084791684 0.18178221255048954 0.3730099230847293 -0.12484731589450782
1 1.0 100 0.5 9.4281 9.6153 0.34082741836633695 -0.02069062315328618 0.01194773083897599 0.28479911886485776 0.3422078008053805 -0.021882626593528354
1 1.0 100 0.6 9.4442 9.6214 0.3210297591194451 0.06439866246787207 -0.012198572635654367 0.36757376460229985 0.3234363530782142 0.0598960887714346
1 1.0 100 0.7 9.4583 9.627 0.3010294990559117 0.13883685009706404 -0.037162427959745614 0.43833204187477115 0.3042313513077929 0.13130814153660908
1 1.0 100 0.8 9.4702 9.6322 0.28515885541965535 0.2032557084402169 -0.06111377831129533 0.4989087775138876 0.2889181746915526 0.19333581587798787
1 1.0 100 0.9 9.4809 9.6371 0.26995361708623733 0.26129460144327443 -0.08588560027808811 0.5517414201709065 0.2740797475917822 0.24913754598804694
1 1.0 100 1.1 9.4988 9.646 0.25021810752786033 0.36149772592489904 -0.13900753352900852 0.6366517101098942 0.25496849370840013 0.345717347333512
1 1.0 100 1.2 9.5069 9.6499 0.24047288427570876 0.4068536582184805 -0.17128784368943245 0.669171979821403 0.24552892343663285 0.3890519116173552
1 1.0 100 1.3 9.5144 9.6538 0.22990543564456445 0.4492146772412089 -0.20926088144148208 0.6935518564410155 0.2350936604605697 0.42967181551340006
1 2.0 100 0.1 9.9658 10.4378 0.7789154497666103 -0.6683882642856183 0.5332198216484118 -0.34819339381441416 0.7772376972378552 -0.6612566968654179
1 2.0 100 0.2 10.054 10.4105 0.6494686729879734 -0.28742016967000805 0.3582442824152754 0.015740425532509983 0.6459499864880394 -0.2757186502850437
1 2.0 100 0.3 10.1013 10.407 0.5580742167077579 -0.08568495541356391 0.2805174799583926 0.20772497376966714 0.5583856656987705 -0.08272083569744182
1 2.0 100 0.4 10.1333 10.4103 0.5028914204589616 0.05223510483010485 0.2359812966897646 0.34115610257885587 0.5053072764135054 0.049417323699255666
1 2.0 100 0.5 10.157 10.4148 0.46558925537538975 0.155239442013833 0.20525105727395304 0.4423739745001072 0.46918034105487477 0.14830318328358993
1 2.0 100 0.6 10.1764 10.4204 0.43680322230726704 0.24003354080722383 0.1800894904431481 0.5251084151233436 0.4408851735251748 0.23040963514141755
1 2.0 100 0.7 10.1926 10.4255 0.41548607416515054 0.31071929143601595 0.1591893586393504 0.59408437228596 0.4199560869171712 0.2987126234894897
1 2.0 100 0.8 10.2059 10.4305 0.40210100126117615 0.37027654278442523 0.1423246817770973 0.6524056818646273 0.40683960711340966 0.356481898175826
1 2.0 100 0.9 10.2183 10.4351 0.3910986996949388 0.42442205405826927 0.12585551290108077 0.7038365418601283 0.39609482907373317 0.40888465003548036
1 2.0 100 1.2 10.2477 10.4488 0.3647240120840087 0.5554329332388774 0.07619425475790016 0.8224031541864885 0.3698861446780727 0.5366761438488021
1 2.0 100 1.3 10.2565 10.4526 0.3545068224937351 0.5929621263984716 0.05759912864683659 0.8527990057530728 0.35958249746370047 0.573145362940858
1 2.0 100 1.1 10.2392 10.4441 0.3676565247054323 0.5163562349549886 0.09151284763816774 0.7881249384890607 0.372656389523528 0.49823743204745474
1 3.0 100 0.1 10.7572 11.3572 0.8632567055766052 -0.6048841299974066 0.6419950683299612 -0.2848783753361497 0.6732301127397011 -0.34574760458734377
1 3.0 100 0.2 10.841 11.2991 0.7073249090982696 -0.22740336885964973 0.43896275553891084 0.07024929520939271 0.7030087626953764 -0.21229120076235497
1 3.0 100 0.3 10.8903 11.2858 0.6023875849017561 -0.02574295261759607 0.35606274077767563 0.2630841599121294 0.6020506428894827 -0.02012057904391784
1 3.0 100 0.4 10.9238 11.2842 0.5453315254513503 0.11083803660465441 0.31281731807553814 0.3963957299900198 0.5470192211132661 0.1107372765644925
1 3.0 100 0.5 10.9485 11.2863 0.5107699085925639 0.21207682129119543 0.28528507359461897 0.497143311770851 0.5135042672664201 0.20836147524173998
1 3.0 100 0.6 10.9695 11.2893 0.47836922260209735 0.2969265621069537 0.25998707448696895 0.5803551170407188 0.4816166708928593 0.2903679793458014
1 3.0 100 0.7 10.9875 11.2924 0.45723820916194097 0.36830748317198037 0.24101550339777172 0.6500396583772714 0.46091048902080034 0.35935105331903694
1 3.0 100 0.8 11.0021 11.297 0.4427302067533777 0.42757996123644326 0.22574356895512873 0.708467317208188 0.4465460074449487 0.4171098631816732
1 3.0 100 0.9 11.0151 11.3003 0.4282674163947811 0.4795128270429234 0.21079987937962674 0.7591438423762794 0.43226783671046837 0.4671908461601004
1 3.0 100 1.1 11.0636 11.3293 0.3957699895099525 0.5665433156181816 0.17052222992573873 0.8378749288629438 0.39961489547673884 0.5521760878925326
1 3.0 100 1.2 11.0482 11.3117 0.4033626813872395 0.6085293810857803 0.17193605797085365 0.878670231405211 0.4076775873188218 0.5927536671088021
1 3.0 100 1.3 11.0579 11.3148 0.3926735301793392 0.6447246352985717 0.15780002153916917 0.9098064479070022 0.3968742881654353 0.6279158685463802
1 4.0 100 0.1 11.6023 12.3083 0.920757687850918 -0.5823438766831608 0.6981682757000458 -0.257993531194473 0.9171500885780017 -0.5663421309565304
1 4.0 100 0.2 11.7021 12.2394 0.730726118030748 -0.19815227685741754 0.4745908355344968 0.0926647401241274 0.726298114913564 -0.1834075689222987
1 4.0 100 0.3 11.7548 12.2214 0.6248792028163069 0.0018383140308020351 0.3925132754792165 0.2853626682615855 0.624179976553991 0.008026231349713253
1 4.0 100 0.4 11.8078 12.2276 0.5548878421513463 0.14298569244004056 0.3396194502735904 0.4170496629735825 0.5595539612181389 0.13602043178014478
1 4.0 100 0.5 11.8174 12.216 0.5256571727908298 0.23852999321519008 0.31857967724398795 0.5196587943890352 0.5278900776798701 0.23585331006275267
1 4.0 100 0.6 11.8394 12.2183 0.5007441332673783 0.3211545129381228 0.2976355632109717 0.6019367174865781 0.5035444496949594 0.3160567051137968
1 4.0 100 0.7 11.8582 12.221 0.47552552236135637 0.39100976726467174 0.2775433888556034 0.671028040958411 0.4785718489585667 0.3839242304931736
1 4.0 100 0.8 11.874 12.224 0.46037280832593475 0.4499225115775223 0.2627513864602586 0.7294820095646232 0.4636818749344733 0.44107600122491997
1 4.0 100 0.9 11.8884 12.2276 0.44792748182487047 0.5028846486408127 0.24923667173281738 0.7808331363969406 0.4513711987420063 0.49272436170948253
1 4.0 100 1.0 11.9017 12.2311 0.4361169253183542 0.5504766652519866 0.2360094714933795 0.8260821684952345 0.43961613933357147 0.5392187986265615
1 4.0 100 1.1 11.9138 12.2342 0.424587739146517 0.5933987288367756 0.2230380686189486 0.8660535959889571 0.4280738437890588 0.5811406745272167
1 4.0 100 1.2 11.9234 12.2373 0.4196198499887493 0.6293931381369317 0.21283233744337354 0.9001975492598642 0.42325726553464155 0.6160815566561968
1 4.0 100 1.3 11.9336 12.2398 0.40836962135813526 0.6648690378623583 0.2001089744020218 0.93150998989295 0.4118874427206354 0.6505919853740231
1 4.0 100 1.4 11.9422 12.2438 0.4063565885446967 0.696208192845218 0.190211106128942 0.9587827695534495 0.4099837591411728 0.6815339155510811
1 4.0 100 1.5 11.9514 12.2459 0.39594595262666726 0.726515390474377 0.1775300932884994 0.9833747739429135 0.3993777646609522 0.7110157472006312
1 -1.0 200 0.2 7.8529 8.0586 -0.14985768364315877 -0.90141916544461 -0.38921460596302326 -0.5037767020698156 -0.15035332694213416 -0.8989387174662145
1 -1.0 200 0.3 7.8833 8.0697 -0.1417545217130166 -0.7208349627018074 -0.40389669020981195 -0.32194361381529024 -0.1431045838074624 -0.7130278376690524
1 -1.0 200 0.4 7.9067 8.0779 -0.14979914738787922 -0.5825479931590662 -0.42953935456991166 -0.18971110550224135 -0.15205823648256353 -0.5711632236029003
1 -1.0 200 0.5 7.9262 8.0846 -0.15984757207750847 -0.4717161410618107 -0.4349289654101346 -0.08103043639295082 -0.16328962477367936 -0.45535950724379926
1 -1.0 200 0.6 7.9412 8.0902 -0.16820320846919312 -0.3804046551999172 -0.4436023677391375 0.01060743502900996 -0.17128802804266524 -0.3647864465584292
1 -1.0 200 0.7 7.9537 8.0952 -0.1757329651032356 -0.300625047580791 -0.4557086481058038 0.09095859280202623 -0.17810758423129397 -0.28736853295011056
1 -1.0 200 0.8 7.9642 8.0996 -0.18252376636976303 -0.2289723284551235 -0.47167740841278627 0.1632624971314256 -0.1841569677713128 -0.21860118818237373
1 -1.0 200 0.9 7.9735 8.1037 -0.18895521077229005 -0.16262655298305306 -0.49214390345838743 0.22963336879569862 -0.18986564837438208 -0.15535056283887894
1 0.0 200 0.2 8.7903 9.0107 0.1591762767737096 -0.7004642431127295 -0.096900736290013 -0.3522176351918378 0.15756840168513492 -0.6925330490925352
1 0.0 200 0.3 8.828 9.0203 0.1327488635148519 -0.498268849010848 -0.1462890375290744 -0.15511157769422446 0.1288171541221256 -0.48278726641717395
1 0.0 200 0.4 8.8541 9.0277 0.10813753056193591 -0.35726497161629855 -0.17593351597407914 -0.02094032437734672 0.10442673458110174 -0.34217520868296636
1 0.0 200 0.5 8.8733 9.0342 0.0876130686841748 -0.24841790975627842 -0.20035474841866102 0.08408078104825134 0.08515958806743139 -0.23708557177928502
1 0.0 200 0.6 8.8883 9.0399 0.07102206580916903 -0.1595237703308583 -0.222433885184817 0.1706937186522317 0.06974073689622373 -0.15197708497295181
1 0.0 200 0.7 8.9008 9.045 0.0570334983689325 -0.0834875080438029 -0.2439882511958429 0.24493415882783642 0.0567512339473036 -0.0794164689126795
1 0.0 200 0.8 8.9113 9.0498 0.044768990020768465 -0.016016505973415196 -0.26694033018401886 0.3100612452203162 0.045253821881729724 -0.014881260988359957
1 0.0 200 0.9 8.9208 9.0541 0.03364978584969874 0.04543367767977968 -0.29252266077280226 0.3678474736610249 0.03481756338946428 0.043751851941139064
1 1.0 200 0.2 9.6445 9.8998 0.41665685468409724 -0.4594880227678677 0.1532611327263422 -0.14277568919182948 0.4120556216328954 -0.44314336264064624
1 1.0 200 0.3 9.6862 9.9051 0.35902647311627633 -0.25827700896717176 0.08954906194501568 0.04669393680972678 0.35589731860198925 -0.24632150790844398
1 1.0 200 0.4 9.7137 9.9117 0.31826338519728287 -0.12095680022307476 0.05014829607383584 0.17902912200715004 0.31721437439671507 -0.11475996049025028
1 1.0 200 0.5 9.7341 9.9183 0.2886914148671299 -0.01601661420856293 0.021069542031687094 0.2811260825727744 0.28906566760753805 -0.014210384545261023
1 1.0 200 0.6 9.7505 9.9242 0.2650619012327893 0.07001921851416104 -0.0036878624792828774 0.36477840458430744 0.26646942549885755 0.06819697946745173
1 1.0 200 0.7 9.764 9.9298 0.24826629800859076 0.14235067269241042 -0.024911874218462776 0.4351498579565878 0.25034000430355363 0.13784514323951158
1 1.0 200 0.8 9.7756 9.9349 0.2334832216482756 0.2054410462662506 -0.04585432452379826 0.49592711713238957 0.23608308044216825 0.19851169553469283
1 1.0 200 0.9 9.7859 9.9397 0.2216643721207462 0.26183773719799497 -0.0667088747600704 0.5491352577180484 0.22463029055085532 0.2529662853458008
1 2.0 200 0.2 10.3612 10.712 0.6055995882404969 -0.2797439146910996 0.3577083860317008 0.016609166583922308 0.6014331821170524 -0.2653966165317785
1 2.0 200 0.3 10.4076 10.709 0.5180622965690589 -0.08096387259935711 0.28247270765055965 0.2071068700544645 0.5173501197375601 -0.0753512819993567
1 2.0 200 0.4 10.4386 10.7125 0.46566359702948373 0.053593359242639416 0.2403361933163403 0.338978775659768 0.46690614171600553 0.053593094451753975
1 2.0 200 0.5 10.4627 10.7173 0.42778815224029726 0.15841201921918358 0.20963998173806664 0.4415275146813913 0.4301246819655043 0.15448247452022978
1 2.0 200 0.6 10.4814 10.7223 0.40255446422403046 0.2406314263853211 0.18755815776054607 0.5233525428054673 0.405543389733587 0.23380807065366116
1 2.0 200 0.7 10.4974 10.7276 0.38292035502202826 0.3111170804650596 0.16867843080755565 0.5926722687377516 0.38627747830953 0.30209478051797745
1 2.0 200 0.8 10.5112 10.7326 0.36718589695844867 0.3716548220956162 0.15194154978776384 0.6520059508158149 0.37077284788900783 0.36084312694406795
1 2.0 200 0.9 10.523 10.7374 0.35553655061977546 0.4244238589113609 0.13705507817607315 0.7034214772187296 0.35928769444216796 0.41212436867868907
1 3.0 200 0.2 11.1475 11.6005 0.6710085957367732 -0.2231910668091821 0.43788836543995147 0.0698073602197744 0.6658693726937474 -0.20539748812038394
1 3.0 200 0.3 11.1958 11.5879 0.5715711794548191 -0.02401139493557558 0.3582537962047086 0.26158789241614033 0.5700851668101502 -0.01555095984196031
1 3.0 200 0.4 11.2289 11.586 0.516036482489015 0.11187745875549093 0.3159970861231801 0.394823087259218 0.516596744357112 0.11455404580881834
1 3.0 200 0.5 11.2545 11.5875 0.4754040028730288 0.21559772388944864 0.2854393762069397 0.4972211505341002 0.4770029359973963 0.2144339427878843
1 3.0 200 0.6 11.2749 11.5903 0.4479378862088035 0.29858549868761997 0.26365111948174796 0.5797143537202475 0.45015255869672216 0.29456725246578763
1 3.0 200 0.7 11.2917 11.5944 0.4291379509624856 0.3672068274966136 0.2470841251800518 0.6482974060293608 0.43167473633485154 0.3612423384522043
1 3.0 200 0.8 11.307 11.5981 0.4131386429384814 0.42804041308966667 0.23202264574402628 0.7079172294404248 0.41593713653664566 0.4202233718471342
1 3.0 200 0.9 11.3201 11.6019 0.40043746754081916 0.48020965578388886 0.21884217001169032 0.7591414630773767 0.4034046818131262 0.4708615604854416
1 -1.0 400 0.2 8.171 8.3661 -0.2124435335054572 -0.8570090365885135 -0.3760094085492451 -0.5115351181921122 -0.21343708757004515 -0.8461790657251635
1 -1.0 400 0.3 8.2012 8.3769 -0.20706852909783474 -0.676362240209609 -0.396506848125575 -0.33238263384275446 -0.20920711179776186 -0.6591194496695574
1 -1.0 400 0.4 8.2237 8.3848 -0.21636338349026657 -0.541799048845417 -0.4144843936798118 -0.20204141632758255 -0.21991063674671357 -0.520429630703257
1 0.0 400 0.2 9.1054 9.3163 0.09752344611467324 -0.6733226904485028 -0.09406461521598236 -0.35322899941500685 0.09497678894949213 -0.6565993732506323
1 0.0 400 0.3 9.1417 9.3255 0.06995070866578074 -0.4746403027441499 -0.1397976320114059 -0.15912846656144142 0.06470918448499852 -0.45090902202187544
1 0.0 400 0.4 9.1666 9.3327 0.04599541094144848 -0.3371212594431776 -0.16673508079706073 -0.026020030886396706 0.04104797661057855 -0.3150786790841231
1 1.0 400 0.2 9.9563 10.2035 0.36417737890894913 -0.44629990082333326 0.1560405244109977 -0.14307990765168577 0.3580254220224492 -0.42217119438644946
1 1.0 400 0.3 9.9967 10.2087 0.3072845980367829 -0.24758461592679892 0.09453235462234243 0.045825354396652695 0.30226652367001833 -0.22867311457376838
1 1.0 400 0.4 10.0232 10.2154 0.2680760691593889 -0.1125070050557504 0.05780600071293939 0.17755106038637747 0.26490737863190505 -0.09943485414671183
1 2.0 400 0.2 10.671 11.0145 0.5665571266201292 -0.2731410114170414 0.3596125919454842 0.016888177639426516 0.5600426467771569 -0.251694254688861
1 2.0 400 0.3 10.7164 11.0119 0.48191692645654444 -0.07592432441217833 0.28650900353425746 0.20692238705534916 0.47847371752220264 -0.06333260313649758
1 2.0 400 0.4 10.7469 11.0152 0.4310479458767326 0.05803645101344057 0.24597182428377845 0.33883758215605564 0.42962533998506036 0.06495151154144585
1 3.0 400 0.2 11.4567 11.9023 0.6387875246703744 -0.2185463109728325 0.4390206781620443 0.06978579193560108 0.6310077472030768 -0.1938970141620553
1 3.0 400 0.3 11.5041 11.89 0.5434921507239233 -0.02044918340455859 0.361844566833251 0.26134862367123746 0.5392148582943971 -0.005224677327749783
1 3.0 400 0.4 11.5366 11.8883 0.4884423091668804 0.11445708282701927 0.32028756957622284 0.3943012035909972 0.48628756671774875 0.12395281004267189
1 -1.0 800 0.3 8.5284 8.688 -0.2621938451440097 -0.6425601474389062 -0.380146060443286 -0.3420696029033732 -0.2663160471034197 -0.6034457715738648
1 -1.0 800 0.4 8.5491 8.6952 -0.2718253689015892 -0.5126732684981674 -0.3938562745072552 -0.21317693320956455 -0.27812452077132477 -0.47016692295111384
1 0.0 800 0.4 9.4874 9.641 -0.00779574217127188 -0.3209597326137217 -0.1495886617196381 -0.030848499504478655 -0.016748972814938187 -0.2797537210519605
1 1.0 800 0.4 10.3406 10.522 0.22309906831910178 -0.10407587777228633 0.07258263049229449 0.17619712374807017 0.21399057834580282 -0.07155531733957132
1 2.0 800 0.4 11.0625 11.3202 0.3987106688974483 0.06348139015692444 0.2567469101436678 0.3386213773363149 0.3899477118741782 0.09025844274579842
1 3.0 800 0.4 11.8517 12.1924 0.46246812122961606 0.119101248019013 0.3286998001908396 0.39405555332301434 0.45270362704180417 0.1483750031806952
